{
  "metadata": {
    "colab": {
      "provenance": []
    },
    "kernelspec": {
      "name": "python3",
      "display_name": "Python 3",
      "language": "python"
    },
    "language_info": {
      "name": "python",
      "version": "3.7.12",
      "mimetype": "text/x-python",
      "codemirror_mode": {
        "name": "ipython",
        "version": 3
      },
      "pygments_lexer": "ipython3",
      "nbconvert_exporter": "python",
      "file_extension": ".py"
    }
  },
  "nbformat_minor": 0,
  "nbformat": 4,
  "cells": [
    {
      "cell_type": "markdown",
      "source": [
        "###ÎœÎ·Ï‡Î±Î½Î¹ÎºÎ® ÎœÎ¬Î¸Î·ÏƒÎ· \n",
        "####1Î· Î±Ï„Î¿Î¼Î¹ÎºÎ® ÎµÏÎ³Î±ÏƒÎ¯Î± \n",
        "Î£Î—ÎœÎœÎ¥- Î•ÎœÎ  - 7Î¿ ÎµÎ¾Î¬Î¼Î·Î½Î¿ -Î‘Îº. ÎˆÏ„Î¿Ï‚ 2022-23\n",
        "\n"
      ],
      "metadata": {
        "id": "Dv7UKdyCAnqD"
      }
    },
    {
      "cell_type": "markdown",
      "source": [
        "# âš ï¸\n",
        "`Î•Ï€Î¹ÏƒÎ·Î¼Î±Î¯Î½ÎµÏ„Î±Î¹ ÏŒÏ„Î¹ Î±Ï€Î±Î³Î¿ÏÎµÏÎµÏ„Î±Î¹ Î· Î±Î½Î¬ÏÏ„Î·ÏƒÎ· Ï„Ï‰Î½ Î»ÏÏƒÎµÏ‰Î½ Ï„Ï‰Î½ ÎµÏÎ³Î±ÏƒÏ„Î·ÏÎ¹Î±ÎºÏÎ½ Î±ÏƒÎºÎ®ÏƒÎµÏ‰Î½ ÏƒÏ„Î¿ github, Î® ÏƒÎµ Î¬Î»Î»ÎµÏ‚ Î¹ÏƒÏ„Î¿ÏƒÎµÎ»Î¯Î´ÎµÏ‚. Î— ÏƒÏ‡ÎµÎ´Î¯Î±ÏƒÎ· ÎºÎ±Î¹ Ï„Î¿ Ï€ÎµÏÎ¹ÎµÏ‡ÏŒÎ¼ÎµÎ½Î¿ Ï„Ï‰Î½ ÎµÏÎ³Î±ÏƒÏ„Î·ÏÎ¹Î±ÎºÏÎ½ projects Î±Ï€Î¿Ï„ÎµÎ»Î¿ÏÎ½ Î±Î½Ï„Î¹ÎºÎµÎ¯Î¼ÎµÎ½Î¿ Ï€Î½ÎµÏ…Î¼Î±Ï„Î¹ÎºÎ®Ï‚ Î¹Î´Î¹Î¿ÎºÏ„Î·ÏƒÎ¯Î±Ï‚ Ï„Î·Ï‚ Î´Î¹Î´Î±ÎºÏ„Î¹ÎºÎ®Ï‚ Î¿Î¼Î¬Î´Î±Ï‚ Ï„Î¿Ï… Î¼Î±Î¸Î®Î¼Î±Ï„Î¿Ï‚.`"
      ],
      "metadata": {
        "id": "hL5bHZx06KZc"
      }
    },
    {
      "cell_type": "markdown",
      "source": [
        " `âš ï¸  Î¤Î¿ ÏƒÏÎ½Î¿Î»Î¿ Î´ÎµÎ´Î¿Î¼Î­Î½Ï‰Î½ Ï€Î¿Ï… ÏƒÎ±Ï‚ Î´ÏŒÎ¸Î·ÎºÎµ Î´ÎµÎ½ Ï€ÏÎ­Ï€ÎµÎ¹ Î½Î± ÎµÎ¼Ï€Î»Î¿Ï…Ï„Î¹ÏƒÎ¸ÎµÎ¯ Î¼Îµ Î¿Ï€Î¿Î¹Î¿Î´Î®Ï€Î¿Ï„Îµ Ï„ÏÏŒÏ€Î¿. Î— ÎµÏÎ³Î±ÏƒÎ¯Î± ÏƒÏ„Î·Î½ Î¿Ï€Î¿Î¯Î± Î¸Î± Ï‡ÏÎ·ÏƒÎ¹Î¼Î¿Ï€Î¿Î¹Î·Î¸ÎµÎ¯ ÎµÎ¼Ï€Î»Î¿Ï…Ï„Î¹ÏƒÎ¼Î­Î½Î¿ ÏƒÏÎ½Î¿Î»Î¿ Î´ÎµÎ´Î¿Î¼Î­Î½Ï‰Î½, Î´ÎµÎ½ Î¸Î± Î´Î¹Î¿ÏÎ¸Ï‰Î¸ÎµÎ¯.`"
      ],
      "metadata": {
        "id": "vqmQiAojwM3Z"
      }
    },
    {
      "cell_type": "markdown",
      "source": [
        "ÎŸÎ½Î¿Î¼Î±Ï„ÎµÏ€ÏÎ½Ï…Î¼Î¿ Ï†Î¿Î¹Ï„Î·Ï„Î®: ÎŸÎ´Ï…ÏƒÏƒÎµÏÏ‚ Î”ÏÏ…Ï‚-Î ÎµÎ½Ï„Î¶Î¬ÎºÎ·Ï‚\n",
        "\n",
        "Î‘.Îœ.: 03119192"
      ],
      "metadata": {
        "id": "oAx-ib_pBrq9"
      }
    },
    {
      "cell_type": "markdown",
      "source": [
        "### 1. Î•Î¹ÏƒÎ±Î³Ï‰Î³Î® ÏƒÏ…Î½ÏŒÎ»Î¿Ï… Î´ÎµÎ´Î¿Î¼Î­Î½Ï‰Î½\n",
        "\n",
        "TÎ¿ ÏƒÏÎ½Î¿Î»Î¿ Î´ÎµÎ´Î¿Î¼Î­Î½Ï‰Î½ Î³Î¹Î± Ï„Î¿ training-validation Î¼Ï€Î¿ÏÎµÎ¯Ï„Îµ Î½Î± Ï„Î¿ ÎºÎ±Ï„ÎµÎ²Î¬ÏƒÎµÏ„Îµ Î±Ï€ÏŒ [ÎµÎ´Ï](https://drive.google.com/file/d/1-L7QQEfLWCsqiBClxUlg4yzquf1G_Ga-/view?usp=sharing) ÎºÎ±Î¹ Î³Î¹Î± Ï„Î¿ testing Î±Ï€ÏŒ [ÎµÎ´Ï](https://drive.google.com/file/d/1-6l-NL3wwKGKJpVjxjUrOdFbcnKo-PwW/view?usp=sharing).\n",
        "\n"
      ],
      "metadata": {
        "id": "M7IkqlgaGLr2"
      }
    },
    {
      "cell_type": "markdown",
      "source": [
        "1.Î±. Î¦Î¿ÏÏ„ÏÏƒÏ„Îµ Ï„Î¿ ÏƒÏÎ½Î¿Î»Î¿ Î´ÎµÎ´Î¿Î¼Î­Î½Ï‰Î½ \"train-val.csv\"  ÏƒÏ„Î¿ notebook ÏƒÎ±Ï‚."
      ],
      "metadata": {
        "id": "Qe4uFFcv9XF3"
      }
    },
    {
      "cell_type": "code",
      "source": [
        "import pandas as pd\n",
        "train = pd.read_csv(r'train-val.csv')\n"
      ],
      "metadata": {
        "id": "fbQtw6iYBrJk",
        "execution": {
          "iopub.status.busy": "2022-12-11T08:56:33.267572Z",
          "iopub.execute_input": "2022-12-11T08:56:33.268952Z",
          "iopub.status.idle": "2022-12-11T08:56:33.356137Z",
          "shell.execute_reply.started": "2022-12-11T08:56:33.268903Z",
          "shell.execute_reply": "2022-12-11T08:56:33.354903Z"
        },
        "trusted": true
      },
      "execution_count": 3,
      "outputs": []
    },
    {
      "cell_type": "markdown",
      "source": [
        "1.Î². Î¦Î¿ÏÏ„ÏÏƒÏ„Îµ Ï„Î¿ ÏƒÏÎ½Î¿Î»Î¿ Î´ÎµÎ´Î¿Î¼Î­Î½Ï‰Î½ \"test.csv\" ÏƒÏ„Î¿ notebook ÏƒÎ±Ï‚"
      ],
      "metadata": {
        "id": "lSlCmshW9ZfS"
      }
    },
    {
      "cell_type": "code",
      "source": [
        "import pandas as pd\n",
        "test = pd.read_csv(r'test.csv')\n",
        "\n"
      ],
      "metadata": {
        "id": "zRabPOXI9iAi",
        "execution": {
          "iopub.status.busy": "2022-12-11T08:56:33.357773Z",
          "iopub.execute_input": "2022-12-11T08:56:33.358071Z",
          "iopub.status.idle": "2022-12-11T08:56:33.382692Z",
          "shell.execute_reply.started": "2022-12-11T08:56:33.358044Z",
          "shell.execute_reply": "2022-12-11T08:56:33.381569Z"
        },
        "trusted": true
      },
      "execution_count": 4,
      "outputs": []
    },
    {
      "cell_type": "markdown",
      "source": [
        "### 2. Î”Î¹ÎµÏÎµÏ…Î½Î·Ï„Î¹ÎºÎ® Î±Î½Î¬Î»Ï…ÏƒÎ· Î´ÎµÎ´Î¿Î¼Î­Î½Ï‰Î½ -Exploratory Data Analysis (EDA) \n",
        "Î§ÏÎ·ÏƒÎ¹Î¼Î¿Ï€Î¿Î¹Î®ÏƒÏ„Îµ code cells  Î¼Îµ Ï„Î¹Ï‚ ÎºÎ±Ï„Î¬Î»Î»Î·Î»ÎµÏ‚ Ï„ÎµÏ‡Î½Î¹ÎºÎ­Ï‚ EDA Î³Î¹Î± Ï„Î·Î½ ÎºÎ±Ï„Î±Î½ÏŒÎ·ÏƒÎ· Ï„Î¿Ï… ÏƒÏ…Î½ÏŒÎ»Î¿Ï… Î´ÎµÎ´Î¿Î¼Î­Î½Ï‰Î½ ÎºÎ±Î¹ text cells Î³Î¹Î± ÎµÏ€ÎµÎ¾Î®Î³Î·ÏƒÎ· Ï„Ï‰Î½ Î±Ï€Î¿Ï„ÎµÎ»ÎµÏƒÎ¼Î¬Ï„Ï‰Î½. "
      ],
      "metadata": {
        "id": "wrxF1hO1HPpJ"
      }
    },
    {
      "cell_type": "markdown",
      "source": [
        "Î§ÏÎ·ÏƒÎ¹Î¼Î¿Ï€Î¿Î¹ÏÎ½Ï„Î±Ï‚ Ï„Î¹Ï‚ ÎºÎ±Ï„Î¬Î»Î»Î·Î»ÎµÏ‚ Î¼ÎµÎ¸ÏŒÎ´Î¿Ï…Ï‚ Ï€Î±ÏÎ¿Ï…ÏƒÎ¹Î¬ÏƒÏ„Îµ Î¼Îµ Ï‡ÏÎ®ÏƒÎ· ÎºÏÎ´Î¹ÎºÎ± Ï€Î»Î·ÏÎ¿Ï†Î¿ÏÎ¯ÎµÏ‚ Î³Î¹Î± Ï„Î± ÎµÎ¾Î®Ï‚:\n",
        "\n",
        "2Î±. Ï„Î¿ Ï€Î»Î®Î¸Î¿Ï‚ Ï„Ï‰Î½ Î´ÎµÎ¹Î³Î¼Î¬Ï„Ï‰Î½ ÎºÎ±Î¹ Ï„Ï‰Î½ Ï‡Î±ÏÎ±ÎºÏ„Î·ÏÎ¹ÏƒÏ„Î¹ÎºÏÎ½ Ï„Î¿Ï… ÏƒÏ…Î½ÏŒÎ»Î¿Ï… Î´ÎµÎ´Î¿Î¼Î­Î½Ï‰Î½, \n",
        "\n",
        "2Î². Ï„Î¿ ÎµÎ¯Î´Î¿Ï‚ Ï„Ï‰Î½ Ï‡Î±ÏÎ±ÎºÏ„Î·ÏÎ¹ÏƒÏ„Î¹ÎºÏÎ½ Ï„Î¿Ï… ÏƒÏ…Î½ÏŒÎ»Î¿Ï… Î´ÎµÎ´Î¿Î¼Î­Î½Ï‰Î½,  \n",
        "\n",
        "2Î³. Ï„Î¹Ï‚ ÎµÏ„Î¹ÎºÎ­Ï„ÎµÏ‚ Ï„Ï‰Î½ Ï‡Î±ÏÎ±ÎºÏ„Î·ÏÎ¹ÏƒÏ„Î¹ÎºÏÎ½,\n",
        "\n",
        "2Î´. Ï„Î¿ Ï€Î»Î®Î¸Î¿Ï‚ Ï„Ï‰Î½ ÎºÎ±Ï„Î·Î³Î¿ÏÎ¹ÏÎ½, \n",
        "\n",
        "2Îµ. Ï€ÏŒÏƒÎ± Î´ÎµÎ¯Î³Î¼Î±Ï„Î± Î±Î½Î®ÎºÎ¿Ï…Î½ ÏƒÎµ ÎºÎ¬Î¸Îµ ÎºÎ±Ï„Î·Î³Î¿ÏÎ¯Î±,\n",
        "\n",
        "2ÏƒÏ„. Ï„Î· ÏƒÏ…ÏƒÏ‡Î­Ï„Î¹ÏƒÎ· Î¼ÎµÏ„Î±Î¾Ï Ï„Ï‰Î½ Î´ÎµÎ´Î¿Î¼Î­Î½Ï‰Î½,\n",
        "\n",
        "2Î¶. Î¿Ï€Î¿Î¹Î±Î´Î®Ï€Î¿Ï„Îµ Î¬Î»Î»Î· Ï€Î»Î·ÏÎ¿Ï†Î¿ÏÎ¯Î± Ï€Î¹ÏƒÏ„ÎµÏÎµÏ„Îµ ÏŒÏ„Î¹ ÎµÎ¯Î½Î±Î¹ Ï‡ÏÎ®ÏƒÎ¹Î¼Î· Î³Î¹Î± Ï„Î·Î½ ÎºÎ±Ï„Î±Î½ÏŒÎ·ÏƒÎ· Ï„Î¿Ï… ÏƒÏ…Î½ÏŒÎ»Î¿Ï… Î´ÎµÎ´Î¿Î¼Î­Î½Ï‰Î½."
      ],
      "metadata": {
        "id": "fT33H0HPJ7Hg"
      }
    },
    {
      "cell_type": "markdown",
      "source": [
        "2Î±.  Î•Î¯Î½Î±Î¹ Î±Î½Î±Î¼ÎµÎ½ÏŒÎ¼ÎµÎ½Î¿ Ï„Î¿ test Î½Î± Î­Ï‡ÎµÎ¹ Î»Î¹Î³ÏŒÏ„ÎµÏÎµÏ‚ ÏƒÏ„Î®Î»ÎµÏ‚ Î±Ï€ÏŒ Ï„Î¿ train, Î±Ï†Î¿Ï Î»ÎµÎ¯Ï€ÎµÎ¹ Î· ÏƒÏ„Î®Î»Î· Ï€Î¿Ï… Î¸Î­Î»Î¿Ï…Î¼Îµ Î½Î± Ï€ÏÎ¿Î²Î»Î­ÏˆÎµÎ¹ Ï„Î¿ Î¼Î¿Î½Ï„Î­Î»Î¿ Î¼Î±Ï‚."
      ],
      "metadata": {
        "id": "EY-OU8D87E_h"
      }
    },
    {
      "cell_type": "code",
      "source": [
        "#2a\n",
        "\n",
        "print(test.shape)\n",
        "print(train.shape)\n"
      ],
      "metadata": {
        "id": "dnd0K49PNK1T",
        "execution": {
          "iopub.status.busy": "2022-12-11T08:56:33.384404Z",
          "iopub.execute_input": "2022-12-11T08:56:33.385055Z",
          "iopub.status.idle": "2022-12-11T08:56:33.391719Z",
          "shell.execute_reply.started": "2022-12-11T08:56:33.385020Z",
          "shell.execute_reply": "2022-12-11T08:56:33.390727Z"
        },
        "trusted": true,
        "colab": {
          "base_uri": "https://localhost:8080/"
        },
        "outputId": "0fca3649-dca7-4698-9f92-507db1f62949"
      },
      "execution_count": 3,
      "outputs": [
        {
          "output_type": "stream",
          "name": "stdout",
          "text": [
            "(9679, 23)\n",
            "(48423, 24)\n"
          ]
        }
      ]
    },
    {
      "cell_type": "markdown",
      "source": [
        "2Î². Î’Î»Î­Ï€Î¿Ï…Î¼Îµ Ï„Î¿Ï…Ï‚ Ï„ÏÏ€Î¿Ï…Ï‚ Î´ÎµÎ´Î¿Î¼Î­Î½Ï‰Î½ Ï€Î¿Ï… Î­Ï‡ÎµÎ¹ ÎºÎ¬Î¸Îµ ÏƒÏ„Î®Î»Î·"
      ],
      "metadata": {
        "id": "qF-hGBit7j2W"
      }
    },
    {
      "cell_type": "code",
      "source": [
        "#2b\n",
        "print (train.dtypes)"
      ],
      "metadata": {
        "execution": {
          "iopub.status.busy": "2022-12-11T08:56:33.394198Z",
          "iopub.execute_input": "2022-12-11T08:56:33.394508Z",
          "iopub.status.idle": "2022-12-11T08:56:33.403028Z",
          "shell.execute_reply.started": "2022-12-11T08:56:33.394483Z",
          "shell.execute_reply": "2022-12-11T08:56:33.401894Z"
        },
        "trusted": true,
        "colab": {
          "base_uri": "https://localhost:8080/"
        },
        "id": "X9Hbqu-8dB6t",
        "outputId": "6275e654-1111-4cad-e533-7849c1fb3000"
      },
      "execution_count": 4,
      "outputs": [
        {
          "output_type": "stream",
          "name": "stdout",
          "text": [
            "id                 int64\n",
            "Date              object\n",
            "Location          object\n",
            "MinTemp          float64\n",
            "MaxTemp          float64\n",
            "Rainfall         float64\n",
            "Evaporation      float64\n",
            "Sunshine         float64\n",
            "WindGustDir       object\n",
            "WindGustSpeed    float64\n",
            "WindDir9am        object\n",
            "WindDir3pm        object\n",
            "WindSpeed9am     float64\n",
            "WindSpeed3pm     float64\n",
            "Humidity9am      float64\n",
            "Humidity3pm      float64\n",
            "Pressure9am      float64\n",
            "Pressure3pm      float64\n",
            "Cloud9am         float64\n",
            "Cloud3pm         float64\n",
            "Temp9am          float64\n",
            "Temp3pm          float64\n",
            "RainToday        float64\n",
            "RainTomorrow     float64\n",
            "dtype: object\n"
          ]
        }
      ]
    },
    {
      "cell_type": "markdown",
      "source": [
        "2Î³. ÎŸÎ¹ ÎµÏ„Î¹ÎºÎ­Ï„ÎµÏ‚ Ï„Î¿Ï… train."
      ],
      "metadata": {
        "id": "7Mke134V7wYk"
      }
    },
    {
      "cell_type": "code",
      "source": [
        "#2c\n",
        "for col in train.columns:\n",
        "    print(col)"
      ],
      "metadata": {
        "execution": {
          "iopub.status.busy": "2022-12-11T08:56:33.404119Z",
          "iopub.execute_input": "2022-12-11T08:56:33.404445Z",
          "iopub.status.idle": "2022-12-11T08:56:33.412861Z",
          "shell.execute_reply.started": "2022-12-11T08:56:33.404408Z",
          "shell.execute_reply": "2022-12-11T08:56:33.411809Z"
        },
        "trusted": true,
        "colab": {
          "base_uri": "https://localhost:8080/"
        },
        "id": "b9pbPNlTdB6t",
        "outputId": "15404d04-4df1-43df-bee2-e80bb98f7e52"
      },
      "execution_count": 5,
      "outputs": [
        {
          "output_type": "stream",
          "name": "stdout",
          "text": [
            "id\n",
            "Date\n",
            "Location\n",
            "MinTemp\n",
            "MaxTemp\n",
            "Rainfall\n",
            "Evaporation\n",
            "Sunshine\n",
            "WindGustDir\n",
            "WindGustSpeed\n",
            "WindDir9am\n",
            "WindDir3pm\n",
            "WindSpeed9am\n",
            "WindSpeed3pm\n",
            "Humidity9am\n",
            "Humidity3pm\n",
            "Pressure9am\n",
            "Pressure3pm\n",
            "Cloud9am\n",
            "Cloud3pm\n",
            "Temp9am\n",
            "Temp3pm\n",
            "RainToday\n",
            "RainTomorrow\n"
          ]
        }
      ]
    },
    {
      "cell_type": "code",
      "source": [
        "2Î´. Î‘Ï†Î±Î¹ÏÏÎ½Ï„Î±Ï‚ Ï„Î¹Ï‚ Ï„Î¹Î¼Î­Ï‚ Ï€Î¿Ï… ÎµÎ¼Ï†Î±Î½Î¯Î¶Î¿Î½Ï„Î±Î¹ Ï€Î±ÏÎ±Ï€Î¬Î½Ï‰ Î±Ï€ÏŒ Î¼Î¹Î± Ï†Î¿ÏÎ¬ Î²ÏÎ¯ÏƒÎºÎ¿Ï…Î¼Îµ Ï„Î¿ ÏƒÏÎ½Î¿Î»Î¿ Î¼Î¿Î½Î±Î´Î¹ÎºÏÎ½ Ï„Î¹Î¼ÏÎ½ Ï€Î¿Ï… ÎµÎ¯Î½Î±Î¹ 2."
      ],
      "metadata": {
        "id": "gnPwJ3QW77rI"
      },
      "execution_count": null,
      "outputs": []
    },
    {
      "cell_type": "code",
      "source": [
        "#2Î´. Ï„Î¿ Ï€Î»Î®Î¸Î¿Ï‚ Ï„Ï‰Î½ ÎºÎ±Ï„Î·Î³Î¿ÏÎ¹ÏÎ½\n",
        "len(train.drop_duplicates(subset=['RainTomorrow']))\n",
        "    \n"
      ],
      "metadata": {
        "execution": {
          "iopub.status.busy": "2022-12-11T08:56:33.415516Z",
          "iopub.execute_input": "2022-12-11T08:56:33.416237Z",
          "iopub.status.idle": "2022-12-11T08:56:33.427756Z",
          "shell.execute_reply.started": "2022-12-11T08:56:33.416210Z",
          "shell.execute_reply": "2022-12-11T08:56:33.426362Z"
        },
        "trusted": true,
        "colab": {
          "base_uri": "https://localhost:8080/"
        },
        "id": "wLzZH7dddB6u",
        "outputId": "d5719f2b-7263-4228-b6d2-daf3f1490761"
      },
      "execution_count": 6,
      "outputs": [
        {
          "output_type": "execute_result",
          "data": {
            "text/plain": [
              "2"
            ]
          },
          "metadata": {},
          "execution_count": 6
        }
      ]
    },
    {
      "cell_type": "markdown",
      "source": [
        "2Îµ. Î”Î¹Î±Ï„ÏÎ­Ï‡Î¿Î½Ï„Î±Ï‚ Ï„Î¹Ï‚ Ï„Î¹Î¼Î­Ï‚ Ï„Î·Ï‚ ÏƒÏ„Î®Î»Î·Ï‚ RainTomorrow Î¼ÎµÏ„ÏÎ¬Î¼Îµ Ï„Î¿ Ï€Î»Î®Î¸Î¿Ï‚ Ï„Ï‰Î½ Î·Î¼ÎµÏÏÎ½ Ï€Î¿Ï… Ï…Ï€Î¿Î»Î¿Î³Î¯Î¶ÎµÏ„Î±Î¹ Ï€Ï‰Ï‚ Î¸Î± Î²ÏÎ­Î¾ÎµÎ¹ Î±ÏÏÎ¹Î¿."
      ],
      "metadata": {
        "id": "dEPM55LM8VNt"
      }
    },
    {
      "cell_type": "code",
      "source": [
        "#2Îµ. Ï€ÏŒÏƒÎ± Î´ÎµÎ¯Î³Î¼Î±Ï„Î± Î±Î½Î®ÎºÎ¿Ï…Î½ ÏƒÎµ ÎºÎ¬Î¸Îµ ÎºÎ±Ï„Î·Î³Î¿ÏÎ¯Î±\n",
        "forecast= train.RainTomorrow\n",
        "rain=0\n",
        "nrain=0\n",
        "for val in forecast:\n",
        "    if val==0.0:\n",
        "        nrain=nrain+1\n",
        "    else:\n",
        "        rain=rain+1\n",
        "print (\"RAINY DAYS:\", rain)\n",
        "print (\"NOT RAINY DAYS:\", nrain)\n",
        "        \n",
        "    \n"
      ],
      "metadata": {
        "execution": {
          "iopub.status.busy": "2022-12-11T08:56:33.429150Z",
          "iopub.execute_input": "2022-12-11T08:56:33.429690Z",
          "iopub.status.idle": "2022-12-11T08:56:33.447367Z",
          "shell.execute_reply.started": "2022-12-11T08:56:33.429656Z",
          "shell.execute_reply": "2022-12-11T08:56:33.446416Z"
        },
        "trusted": true,
        "colab": {
          "base_uri": "https://localhost:8080/"
        },
        "id": "NgiEA8nNdB6u",
        "outputId": "6860ba28-d8da-4ea7-95c5-0748842c1d4b"
      },
      "execution_count": 7,
      "outputs": [
        {
          "output_type": "stream",
          "name": "stdout",
          "text": [
            "RAINY DAYS: 11059\n",
            "NOT RAINY DAYS: 37364\n"
          ]
        }
      ]
    },
    {
      "cell_type": "markdown",
      "source": [
        "2ÏƒÏ„. Î’ÏÎ¯ÏƒÎºÎ¿Ï…Î¼Îµ Ï„Î·Î½ ÏƒÏ…ÏƒÏ‡Î­Ï„Î¹ÏƒÎ· Î¼ÎµÏ„Î±Î¾Ï Ï„Ï‰Î½ Î´ÎµÎ´Î¿Î¼Î­Î½Ï‰Î½."
      ],
      "metadata": {
        "id": "JQxUDAaa8rwa"
      }
    },
    {
      "cell_type": "code",
      "source": [
        "#2ÏƒÏ„. Ï„Î· ÏƒÏ…ÏƒÏ‡Î­Ï„Î¹ÏƒÎ· Î¼ÎµÏ„Î±Î¾Ï Ï„Ï‰Î½ Î´ÎµÎ´Î¿Î¼Î­Î½Ï‰Î½\n",
        "train.corr()"
      ],
      "metadata": {
        "execution": {
          "iopub.status.busy": "2022-12-11T08:56:33.448813Z",
          "iopub.execute_input": "2022-12-11T08:56:33.449155Z",
          "iopub.status.idle": "2022-12-11T08:56:33.508972Z",
          "shell.execute_reply.started": "2022-12-11T08:56:33.449124Z",
          "shell.execute_reply": "2022-12-11T08:56:33.507788Z"
        },
        "trusted": true,
        "colab": {
          "base_uri": "https://localhost:8080/",
          "height": 701
        },
        "id": "i4498cCudB6u",
        "outputId": "f36c838a-8a9a-4e55-e1d2-0f8d7ae7dd4d"
      },
      "execution_count": 8,
      "outputs": [
        {
          "output_type": "stream",
          "name": "stderr",
          "text": [
            "C:\\Users\\odydr\\AppData\\Local\\Temp\\ipykernel_15956\\1986677268.py:2: FutureWarning: The default value of numeric_only in DataFrame.corr is deprecated. In a future version, it will default to False. Select only valid columns or specify the value of numeric_only to silence this warning.\n",
            "  train.corr()\n"
          ]
        },
        {
          "output_type": "execute_result",
          "data": {
            "text/plain": [
              "                     id   MinTemp   MaxTemp  Rainfall  Evaporation  Sunshine  \\\n",
              "id             1.000000  0.104771  0.136331 -0.024047     0.096221  0.078911   \n",
              "MinTemp        0.104771  1.000000  0.715692  0.096510     0.457483  0.053477   \n",
              "MaxTemp        0.136331  0.715692  1.000000 -0.103864     0.586798  0.469859   \n",
              "Rainfall      -0.024047  0.096510 -0.103864  1.000000    -0.069284 -0.210261   \n",
              "Evaporation    0.096221  0.457483  0.586798 -0.069284     1.000000  0.351482   \n",
              "Sunshine       0.078911  0.053477  0.469859 -0.210261     0.351482  1.000000   \n",
              "WindGustSpeed  0.047488  0.163349  0.013580  0.160382     0.194751 -0.051283   \n",
              "WindSpeed9am   0.062482  0.193476  0.003229  0.102262     0.208774 -0.001514   \n",
              "WindSpeed3pm   0.040819  0.183079  0.054409  0.068231     0.154487  0.055941   \n",
              "Humidity9am   -0.129400 -0.232420 -0.485241  0.217506    -0.521304 -0.471021   \n",
              "Humidity3pm   -0.085483  0.021193 -0.504320  0.258283    -0.392778 -0.634892   \n",
              "Pressure9am   -0.104157 -0.372295 -0.224734 -0.178761    -0.226294  0.078309   \n",
              "Pressure3pm   -0.108251 -0.385832 -0.331614 -0.125762    -0.261228  0.010106   \n",
              "Cloud9am      -0.073085  0.071455 -0.304386  0.202290    -0.188185 -0.693561   \n",
              "Cloud3pm      -0.066481  0.006876 -0.305659  0.162473    -0.193911 -0.708928   \n",
              "Temp9am        0.139226  0.892621  0.881130 -0.007844     0.556079  0.286368   \n",
              "Temp3pm        0.120342  0.682041  0.984609 -0.108617     0.569842  0.492766   \n",
              "RainToday     -0.003840  0.065077 -0.247060  0.527639    -0.191368 -0.314345   \n",
              "RainTomorrow  -0.002691  0.084001 -0.177480  0.244867    -0.122146 -0.437883   \n",
              "\n",
              "               WindGustSpeed  WindSpeed9am  WindSpeed3pm  Humidity9am  \\\n",
              "id                  0.047488      0.062482      0.040819    -0.129400   \n",
              "MinTemp             0.163349      0.193476      0.183079    -0.232420   \n",
              "MaxTemp             0.013580      0.003229      0.054409    -0.485241   \n",
              "Rainfall            0.160382      0.102262      0.068231     0.217506   \n",
              "Evaporation         0.194751      0.208774      0.154487    -0.521304   \n",
              "Sunshine           -0.051283     -0.001514      0.055941    -0.471021   \n",
              "WindGustSpeed       1.000000      0.633542      0.715518    -0.214060   \n",
              "WindSpeed9am        0.633542      1.000000      0.541097    -0.289202   \n",
              "WindSpeed3pm        0.715518      0.541097      1.000000    -0.166434   \n",
              "Humidity9am        -0.214060     -0.289202     -0.166434     1.000000   \n",
              "Humidity3pm         0.004057     -0.019900     -0.003281     0.644709   \n",
              "Pressure9am        -0.485376     -0.266217     -0.327326     0.117477   \n",
              "Pressure3pm        -0.434426     -0.212422     -0.289712     0.167571   \n",
              "Cloud9am            0.086327      0.035081      0.048956     0.439629   \n",
              "Cloud3pm            0.125622      0.066148      0.032267     0.349397   \n",
              "Temp9am             0.123985      0.141875      0.169477    -0.472335   \n",
              "Temp3pm            -0.024427     -0.008063      0.030884    -0.478217   \n",
              "RainToday           0.188300      0.121898      0.097368     0.332583   \n",
              "RainTomorrow        0.258618      0.118477      0.109116     0.244048   \n",
              "\n",
              "               Humidity3pm  Pressure9am  Pressure3pm  Cloud9am  Cloud3pm  \\\n",
              "id               -0.085483    -0.104157    -0.108251 -0.073085 -0.066481   \n",
              "MinTemp           0.021193    -0.372295    -0.385832  0.071455  0.006876   \n",
              "MaxTemp          -0.504320    -0.224734    -0.331614 -0.304386 -0.305659   \n",
              "Rainfall          0.258283    -0.178761    -0.125762  0.202290  0.162473   \n",
              "Evaporation      -0.392778    -0.226294    -0.261228 -0.188185 -0.193911   \n",
              "Sunshine         -0.634892     0.078309     0.010106 -0.693561 -0.708928   \n",
              "WindGustSpeed     0.004057    -0.485376    -0.434426  0.086327  0.125622   \n",
              "WindSpeed9am     -0.019900    -0.266217    -0.212422  0.035081  0.066148   \n",
              "WindSpeed3pm     -0.003281    -0.327326    -0.289712  0.048956  0.032267   \n",
              "Humidity9am       0.644709     0.117477     0.167571  0.439629  0.349397   \n",
              "Humidity3pm       1.000000    -0.063572     0.019297  0.518187  0.536139   \n",
              "Pressure9am      -0.063572     1.000000     0.959218 -0.135572 -0.150569   \n",
              "Pressure3pm       0.019297     0.959218     1.000000 -0.065816 -0.082215   \n",
              "Cloud9am          0.518187    -0.135572    -0.065816  1.000000  0.609241   \n",
              "Cloud3pm          0.536139    -0.150569    -0.082215  0.609241  1.000000   \n",
              "Temp9am          -0.218612    -0.331612    -0.386751 -0.151065 -0.152008   \n",
              "Temp3pm          -0.556450    -0.175755    -0.289701 -0.315585 -0.347408   \n",
              "RainToday         0.375488    -0.216675    -0.121562  0.306448  0.262506   \n",
              "RainTomorrow      0.458234    -0.273063    -0.247978  0.322673  0.381305   \n",
              "\n",
              "                Temp9am   Temp3pm  RainToday  RainTomorrow  \n",
              "id             0.139226  0.120342  -0.003840     -0.002691  \n",
              "MinTemp        0.892621  0.682041   0.065077      0.084001  \n",
              "MaxTemp        0.881130  0.984609  -0.247060     -0.177480  \n",
              "Rainfall      -0.007844 -0.108617   0.527639      0.244867  \n",
              "Evaporation    0.556079  0.569842  -0.191368     -0.122146  \n",
              "Sunshine       0.286368  0.492766  -0.314345     -0.437883  \n",
              "WindGustSpeed  0.123985 -0.024427   0.188300      0.258618  \n",
              "WindSpeed9am   0.141875 -0.008063   0.121898      0.118477  \n",
              "WindSpeed3pm   0.169477  0.030884   0.097368      0.109116  \n",
              "Humidity9am   -0.472335 -0.478217   0.332583      0.244048  \n",
              "Humidity3pm   -0.218612 -0.556450   0.375488      0.458234  \n",
              "Pressure9am   -0.331612 -0.175755  -0.216675     -0.273063  \n",
              "Pressure3pm   -0.386751 -0.289701  -0.121562     -0.247978  \n",
              "Cloud9am      -0.151065 -0.315585   0.306448      0.322673  \n",
              "Cloud3pm      -0.152008 -0.347408   0.262506      0.381305  \n",
              "Temp9am        1.000000  0.850474  -0.100329     -0.034741  \n",
              "Temp3pm        0.850474  1.000000  -0.253352     -0.211749  \n",
              "RainToday     -0.100329 -0.253352   1.000000      0.314222  \n",
              "RainTomorrow  -0.034741 -0.211749   0.314222      1.000000  "
            ],
            "text/html": [
              "<div>\n",
              "<style scoped>\n",
              "    .dataframe tbody tr th:only-of-type {\n",
              "        vertical-align: middle;\n",
              "    }\n",
              "\n",
              "    .dataframe tbody tr th {\n",
              "        vertical-align: top;\n",
              "    }\n",
              "\n",
              "    .dataframe thead th {\n",
              "        text-align: right;\n",
              "    }\n",
              "</style>\n",
              "<table border=\"1\" class=\"dataframe\">\n",
              "  <thead>\n",
              "    <tr style=\"text-align: right;\">\n",
              "      <th></th>\n",
              "      <th>id</th>\n",
              "      <th>MinTemp</th>\n",
              "      <th>MaxTemp</th>\n",
              "      <th>Rainfall</th>\n",
              "      <th>Evaporation</th>\n",
              "      <th>Sunshine</th>\n",
              "      <th>WindGustSpeed</th>\n",
              "      <th>WindSpeed9am</th>\n",
              "      <th>WindSpeed3pm</th>\n",
              "      <th>Humidity9am</th>\n",
              "      <th>Humidity3pm</th>\n",
              "      <th>Pressure9am</th>\n",
              "      <th>Pressure3pm</th>\n",
              "      <th>Cloud9am</th>\n",
              "      <th>Cloud3pm</th>\n",
              "      <th>Temp9am</th>\n",
              "      <th>Temp3pm</th>\n",
              "      <th>RainToday</th>\n",
              "      <th>RainTomorrow</th>\n",
              "    </tr>\n",
              "  </thead>\n",
              "  <tbody>\n",
              "    <tr>\n",
              "      <th>id</th>\n",
              "      <td>1.000000</td>\n",
              "      <td>0.104771</td>\n",
              "      <td>0.136331</td>\n",
              "      <td>-0.024047</td>\n",
              "      <td>0.096221</td>\n",
              "      <td>0.078911</td>\n",
              "      <td>0.047488</td>\n",
              "      <td>0.062482</td>\n",
              "      <td>0.040819</td>\n",
              "      <td>-0.129400</td>\n",
              "      <td>-0.085483</td>\n",
              "      <td>-0.104157</td>\n",
              "      <td>-0.108251</td>\n",
              "      <td>-0.073085</td>\n",
              "      <td>-0.066481</td>\n",
              "      <td>0.139226</td>\n",
              "      <td>0.120342</td>\n",
              "      <td>-0.003840</td>\n",
              "      <td>-0.002691</td>\n",
              "    </tr>\n",
              "    <tr>\n",
              "      <th>MinTemp</th>\n",
              "      <td>0.104771</td>\n",
              "      <td>1.000000</td>\n",
              "      <td>0.715692</td>\n",
              "      <td>0.096510</td>\n",
              "      <td>0.457483</td>\n",
              "      <td>0.053477</td>\n",
              "      <td>0.163349</td>\n",
              "      <td>0.193476</td>\n",
              "      <td>0.183079</td>\n",
              "      <td>-0.232420</td>\n",
              "      <td>0.021193</td>\n",
              "      <td>-0.372295</td>\n",
              "      <td>-0.385832</td>\n",
              "      <td>0.071455</td>\n",
              "      <td>0.006876</td>\n",
              "      <td>0.892621</td>\n",
              "      <td>0.682041</td>\n",
              "      <td>0.065077</td>\n",
              "      <td>0.084001</td>\n",
              "    </tr>\n",
              "    <tr>\n",
              "      <th>MaxTemp</th>\n",
              "      <td>0.136331</td>\n",
              "      <td>0.715692</td>\n",
              "      <td>1.000000</td>\n",
              "      <td>-0.103864</td>\n",
              "      <td>0.586798</td>\n",
              "      <td>0.469859</td>\n",
              "      <td>0.013580</td>\n",
              "      <td>0.003229</td>\n",
              "      <td>0.054409</td>\n",
              "      <td>-0.485241</td>\n",
              "      <td>-0.504320</td>\n",
              "      <td>-0.224734</td>\n",
              "      <td>-0.331614</td>\n",
              "      <td>-0.304386</td>\n",
              "      <td>-0.305659</td>\n",
              "      <td>0.881130</td>\n",
              "      <td>0.984609</td>\n",
              "      <td>-0.247060</td>\n",
              "      <td>-0.177480</td>\n",
              "    </tr>\n",
              "    <tr>\n",
              "      <th>Rainfall</th>\n",
              "      <td>-0.024047</td>\n",
              "      <td>0.096510</td>\n",
              "      <td>-0.103864</td>\n",
              "      <td>1.000000</td>\n",
              "      <td>-0.069284</td>\n",
              "      <td>-0.210261</td>\n",
              "      <td>0.160382</td>\n",
              "      <td>0.102262</td>\n",
              "      <td>0.068231</td>\n",
              "      <td>0.217506</td>\n",
              "      <td>0.258283</td>\n",
              "      <td>-0.178761</td>\n",
              "      <td>-0.125762</td>\n",
              "      <td>0.202290</td>\n",
              "      <td>0.162473</td>\n",
              "      <td>-0.007844</td>\n",
              "      <td>-0.108617</td>\n",
              "      <td>0.527639</td>\n",
              "      <td>0.244867</td>\n",
              "    </tr>\n",
              "    <tr>\n",
              "      <th>Evaporation</th>\n",
              "      <td>0.096221</td>\n",
              "      <td>0.457483</td>\n",
              "      <td>0.586798</td>\n",
              "      <td>-0.069284</td>\n",
              "      <td>1.000000</td>\n",
              "      <td>0.351482</td>\n",
              "      <td>0.194751</td>\n",
              "      <td>0.208774</td>\n",
              "      <td>0.154487</td>\n",
              "      <td>-0.521304</td>\n",
              "      <td>-0.392778</td>\n",
              "      <td>-0.226294</td>\n",
              "      <td>-0.261228</td>\n",
              "      <td>-0.188185</td>\n",
              "      <td>-0.193911</td>\n",
              "      <td>0.556079</td>\n",
              "      <td>0.569842</td>\n",
              "      <td>-0.191368</td>\n",
              "      <td>-0.122146</td>\n",
              "    </tr>\n",
              "    <tr>\n",
              "      <th>Sunshine</th>\n",
              "      <td>0.078911</td>\n",
              "      <td>0.053477</td>\n",
              "      <td>0.469859</td>\n",
              "      <td>-0.210261</td>\n",
              "      <td>0.351482</td>\n",
              "      <td>1.000000</td>\n",
              "      <td>-0.051283</td>\n",
              "      <td>-0.001514</td>\n",
              "      <td>0.055941</td>\n",
              "      <td>-0.471021</td>\n",
              "      <td>-0.634892</td>\n",
              "      <td>0.078309</td>\n",
              "      <td>0.010106</td>\n",
              "      <td>-0.693561</td>\n",
              "      <td>-0.708928</td>\n",
              "      <td>0.286368</td>\n",
              "      <td>0.492766</td>\n",
              "      <td>-0.314345</td>\n",
              "      <td>-0.437883</td>\n",
              "    </tr>\n",
              "    <tr>\n",
              "      <th>WindGustSpeed</th>\n",
              "      <td>0.047488</td>\n",
              "      <td>0.163349</td>\n",
              "      <td>0.013580</td>\n",
              "      <td>0.160382</td>\n",
              "      <td>0.194751</td>\n",
              "      <td>-0.051283</td>\n",
              "      <td>1.000000</td>\n",
              "      <td>0.633542</td>\n",
              "      <td>0.715518</td>\n",
              "      <td>-0.214060</td>\n",
              "      <td>0.004057</td>\n",
              "      <td>-0.485376</td>\n",
              "      <td>-0.434426</td>\n",
              "      <td>0.086327</td>\n",
              "      <td>0.125622</td>\n",
              "      <td>0.123985</td>\n",
              "      <td>-0.024427</td>\n",
              "      <td>0.188300</td>\n",
              "      <td>0.258618</td>\n",
              "    </tr>\n",
              "    <tr>\n",
              "      <th>WindSpeed9am</th>\n",
              "      <td>0.062482</td>\n",
              "      <td>0.193476</td>\n",
              "      <td>0.003229</td>\n",
              "      <td>0.102262</td>\n",
              "      <td>0.208774</td>\n",
              "      <td>-0.001514</td>\n",
              "      <td>0.633542</td>\n",
              "      <td>1.000000</td>\n",
              "      <td>0.541097</td>\n",
              "      <td>-0.289202</td>\n",
              "      <td>-0.019900</td>\n",
              "      <td>-0.266217</td>\n",
              "      <td>-0.212422</td>\n",
              "      <td>0.035081</td>\n",
              "      <td>0.066148</td>\n",
              "      <td>0.141875</td>\n",
              "      <td>-0.008063</td>\n",
              "      <td>0.121898</td>\n",
              "      <td>0.118477</td>\n",
              "    </tr>\n",
              "    <tr>\n",
              "      <th>WindSpeed3pm</th>\n",
              "      <td>0.040819</td>\n",
              "      <td>0.183079</td>\n",
              "      <td>0.054409</td>\n",
              "      <td>0.068231</td>\n",
              "      <td>0.154487</td>\n",
              "      <td>0.055941</td>\n",
              "      <td>0.715518</td>\n",
              "      <td>0.541097</td>\n",
              "      <td>1.000000</td>\n",
              "      <td>-0.166434</td>\n",
              "      <td>-0.003281</td>\n",
              "      <td>-0.327326</td>\n",
              "      <td>-0.289712</td>\n",
              "      <td>0.048956</td>\n",
              "      <td>0.032267</td>\n",
              "      <td>0.169477</td>\n",
              "      <td>0.030884</td>\n",
              "      <td>0.097368</td>\n",
              "      <td>0.109116</td>\n",
              "    </tr>\n",
              "    <tr>\n",
              "      <th>Humidity9am</th>\n",
              "      <td>-0.129400</td>\n",
              "      <td>-0.232420</td>\n",
              "      <td>-0.485241</td>\n",
              "      <td>0.217506</td>\n",
              "      <td>-0.521304</td>\n",
              "      <td>-0.471021</td>\n",
              "      <td>-0.214060</td>\n",
              "      <td>-0.289202</td>\n",
              "      <td>-0.166434</td>\n",
              "      <td>1.000000</td>\n",
              "      <td>0.644709</td>\n",
              "      <td>0.117477</td>\n",
              "      <td>0.167571</td>\n",
              "      <td>0.439629</td>\n",
              "      <td>0.349397</td>\n",
              "      <td>-0.472335</td>\n",
              "      <td>-0.478217</td>\n",
              "      <td>0.332583</td>\n",
              "      <td>0.244048</td>\n",
              "    </tr>\n",
              "    <tr>\n",
              "      <th>Humidity3pm</th>\n",
              "      <td>-0.085483</td>\n",
              "      <td>0.021193</td>\n",
              "      <td>-0.504320</td>\n",
              "      <td>0.258283</td>\n",
              "      <td>-0.392778</td>\n",
              "      <td>-0.634892</td>\n",
              "      <td>0.004057</td>\n",
              "      <td>-0.019900</td>\n",
              "      <td>-0.003281</td>\n",
              "      <td>0.644709</td>\n",
              "      <td>1.000000</td>\n",
              "      <td>-0.063572</td>\n",
              "      <td>0.019297</td>\n",
              "      <td>0.518187</td>\n",
              "      <td>0.536139</td>\n",
              "      <td>-0.218612</td>\n",
              "      <td>-0.556450</td>\n",
              "      <td>0.375488</td>\n",
              "      <td>0.458234</td>\n",
              "    </tr>\n",
              "    <tr>\n",
              "      <th>Pressure9am</th>\n",
              "      <td>-0.104157</td>\n",
              "      <td>-0.372295</td>\n",
              "      <td>-0.224734</td>\n",
              "      <td>-0.178761</td>\n",
              "      <td>-0.226294</td>\n",
              "      <td>0.078309</td>\n",
              "      <td>-0.485376</td>\n",
              "      <td>-0.266217</td>\n",
              "      <td>-0.327326</td>\n",
              "      <td>0.117477</td>\n",
              "      <td>-0.063572</td>\n",
              "      <td>1.000000</td>\n",
              "      <td>0.959218</td>\n",
              "      <td>-0.135572</td>\n",
              "      <td>-0.150569</td>\n",
              "      <td>-0.331612</td>\n",
              "      <td>-0.175755</td>\n",
              "      <td>-0.216675</td>\n",
              "      <td>-0.273063</td>\n",
              "    </tr>\n",
              "    <tr>\n",
              "      <th>Pressure3pm</th>\n",
              "      <td>-0.108251</td>\n",
              "      <td>-0.385832</td>\n",
              "      <td>-0.331614</td>\n",
              "      <td>-0.125762</td>\n",
              "      <td>-0.261228</td>\n",
              "      <td>0.010106</td>\n",
              "      <td>-0.434426</td>\n",
              "      <td>-0.212422</td>\n",
              "      <td>-0.289712</td>\n",
              "      <td>0.167571</td>\n",
              "      <td>0.019297</td>\n",
              "      <td>0.959218</td>\n",
              "      <td>1.000000</td>\n",
              "      <td>-0.065816</td>\n",
              "      <td>-0.082215</td>\n",
              "      <td>-0.386751</td>\n",
              "      <td>-0.289701</td>\n",
              "      <td>-0.121562</td>\n",
              "      <td>-0.247978</td>\n",
              "    </tr>\n",
              "    <tr>\n",
              "      <th>Cloud9am</th>\n",
              "      <td>-0.073085</td>\n",
              "      <td>0.071455</td>\n",
              "      <td>-0.304386</td>\n",
              "      <td>0.202290</td>\n",
              "      <td>-0.188185</td>\n",
              "      <td>-0.693561</td>\n",
              "      <td>0.086327</td>\n",
              "      <td>0.035081</td>\n",
              "      <td>0.048956</td>\n",
              "      <td>0.439629</td>\n",
              "      <td>0.518187</td>\n",
              "      <td>-0.135572</td>\n",
              "      <td>-0.065816</td>\n",
              "      <td>1.000000</td>\n",
              "      <td>0.609241</td>\n",
              "      <td>-0.151065</td>\n",
              "      <td>-0.315585</td>\n",
              "      <td>0.306448</td>\n",
              "      <td>0.322673</td>\n",
              "    </tr>\n",
              "    <tr>\n",
              "      <th>Cloud3pm</th>\n",
              "      <td>-0.066481</td>\n",
              "      <td>0.006876</td>\n",
              "      <td>-0.305659</td>\n",
              "      <td>0.162473</td>\n",
              "      <td>-0.193911</td>\n",
              "      <td>-0.708928</td>\n",
              "      <td>0.125622</td>\n",
              "      <td>0.066148</td>\n",
              "      <td>0.032267</td>\n",
              "      <td>0.349397</td>\n",
              "      <td>0.536139</td>\n",
              "      <td>-0.150569</td>\n",
              "      <td>-0.082215</td>\n",
              "      <td>0.609241</td>\n",
              "      <td>1.000000</td>\n",
              "      <td>-0.152008</td>\n",
              "      <td>-0.347408</td>\n",
              "      <td>0.262506</td>\n",
              "      <td>0.381305</td>\n",
              "    </tr>\n",
              "    <tr>\n",
              "      <th>Temp9am</th>\n",
              "      <td>0.139226</td>\n",
              "      <td>0.892621</td>\n",
              "      <td>0.881130</td>\n",
              "      <td>-0.007844</td>\n",
              "      <td>0.556079</td>\n",
              "      <td>0.286368</td>\n",
              "      <td>0.123985</td>\n",
              "      <td>0.141875</td>\n",
              "      <td>0.169477</td>\n",
              "      <td>-0.472335</td>\n",
              "      <td>-0.218612</td>\n",
              "      <td>-0.331612</td>\n",
              "      <td>-0.386751</td>\n",
              "      <td>-0.151065</td>\n",
              "      <td>-0.152008</td>\n",
              "      <td>1.000000</td>\n",
              "      <td>0.850474</td>\n",
              "      <td>-0.100329</td>\n",
              "      <td>-0.034741</td>\n",
              "    </tr>\n",
              "    <tr>\n",
